
=======================================================================================================================
                                                            Dependent variable:                                        
                    ---------------------------------------------------------------------------------------------------
                                                                  vhappy                                               
                              (1)                      (2)                      (3)                      (4)           
-----------------------------------------------------------------------------------------------------------------------
career1                     0.080**                   0.073                   0.078**                   0.072          
                            (0.036)                  (0.055)                  (0.032)                  (0.053)         
                                                                                                                       
married                     0.210***                 0.190***                 0.190***                 0.178***        
                            (0.018)                  (0.028)                  (0.021)                  (0.033)         
                                                                                                                       
age                        -0.033***                 -0.152**                  0.001                    -0.045         
                            (0.011)                  (0.072)                  (0.011)                  (0.071)         
                                                                                                                       
agesq                       0.0003**                 0.002**                  -0.0001                   0.0003         
                            (0.0001)                 (0.001)                  (0.0001)                 (0.001)         
                                                                                                                       
as.factor(year)1978          -0.041                   0.238                    -0.071                   -0.145         
                            (0.085)                  (0.146)                  (0.071)                  (0.124)         
                                                                                                                       
as.factor(year)1980          0.055                   0.276**                   -0.013                   -0.163         
                            (0.085)                  (0.140)                  (0.069)                  (0.126)         
                                                                                                                       
as.factor(year)1982          0.077                   0.373***                  0.007                    0.057          
                            (0.081)                  (0.136)                  (0.073)                  (0.129)         
                                                                                                                       
as.factor(year)1983          0.009                    0.267*                   -0.033                   -0.124         
                            (0.081)                  (0.143)                  (0.071)                  (0.128)         
                                                                                                                       
as.factor(year)1984          0.078                   0.467***                  0.012                    -0.056         
                            (0.083)                  (0.149)                  (0.073)                  (0.136)         
                                                                                                                       
as.factor(year)1985          -0.057                   -0.104                   -0.055                   -0.033         
                            (0.085)                  (0.152)                  (0.070)                  (0.130)         
                                                                                                                       
as.factor(year)1986          0.035                    0.299*                   -0.001                   -0.076         
                            (0.085)                  (0.156)                  (0.071)                  (0.131)         
                                                                                                                       
as.factor(year)1987          -0.003                   0.246*                   -0.114                   -0.159         
                            (0.082)                  (0.142)                  (0.070)                  (0.129)         
                                                                                                                       
as.factor(year)1988          -0.016                   0.262*                   0.019                    -0.029         
                            (0.086)                  (0.146)                  (0.075)                  (0.136)         
                                                                                                                       
as.factor(year)1989          0.014                    0.105                    -0.052                   -0.043         
                            (0.086)                  (0.145)                  (0.074)                  (0.133)         
                                                                                                                       
as.factor(year)1990          0.058                    0.213                    0.045                    0.005          
                            (0.088)                  (0.151)                  (0.079)                  (0.136)         
                                                                                                                       
as.factor(year)1991          -0.005                   0.144                    0.047                    0.105          
                            (0.086)                  (0.150)                  (0.077)                  (0.139)         
                                                                                                                       
as.factor(year)1993          0.068                    0.260*                   -0.041                   0.001          
                            (0.089)                  (0.149)                  (0.078)                  (0.145)         
                                                                                                                       
as.factor(year)1994          0.008                    0.214                    -0.001                   0.085          
                            (0.085)                  (0.147)                  (0.075)                  (0.138)         
                                                                                                                       
as.factor(year)1996          -0.008                   0.169                    0.022                    0.080          
                            (0.087)                  (0.148)                  (0.078)                  (0.141)         
                                                                                                                       
as.factor(year)1998          0.065                    0.235                    0.018                    0.078          
                            (0.092)                  (0.152)                  (0.083)                  (0.146)         
                                                                                                                       
as.factor(year)2000          0.136                    0.260*                   0.058                    0.169          
                            (0.096)                  (0.158)                  (0.088)                  (0.152)         
                                                                                                                       
as.factor(year)2002          0.081                    0.216                    0.020                    0.125          
                            (0.105)                  (0.169)                  (0.098)                  (0.169)         
                                                                                                                       
as.factor(year)2004          0.084                    0.170                    0.074                    0.224          
                            (0.109)                  (0.176)                  (0.101)                  (0.173)         
                                                                                                                       
as.factor(year)2006          0.126                    0.272                    0.025                    0.208          
                            (0.107)                  (0.174)                  (0.101)                  (0.172)         
                                                                                                                       
as.factor(year)2008          0.053                    0.200                    -0.006                   0.184          
                            (0.114)                  (0.182)                  (0.107)                  (0.178)         
                                                                                                                       
as.factor(year)2010          0.105                    0.288                    -0.040                   0.136          
                            (0.118)                  (0.188)                  (0.113)                  (0.187)         
                                                                                                                       
as.factor(race)2           -0.108***                 -0.102**                 -0.080**                 -0.091*         
                            (0.028)                  (0.043)                  (0.034)                  (0.050)         
                                                                                                                       
as.factor(race)3             -0.046                   -0.009                  -0.059*                   0.001          
                            (0.034)                  (0.054)                  (0.034)                  (0.053)         
                                                                                                                       
as.factor(bdec)193           -0.021                   -0.033                   0.071                    0.041          
                            (0.114)                  (0.128)                  (0.087)                  (0.097)         
                                                                                                                       
as.factor(bdec)194           -0.045                   -0.030                   0.063                    -0.051         
                            (0.121)                  (0.155)                  (0.096)                  (0.125)         
                                                                                                                       
as.factor(bdec)195           -0.115                   -0.073                   0.060                    -0.133         
                            (0.136)                  (0.180)                  (0.113)                  (0.155)         
                                                                                                                       
as.factor(bdec)196           -0.131                   -0.110                   0.037                    -0.284         
                            (0.154)                  (0.211)                  (0.134)                  (0.191)         
                                                                                                                       
as.factor(bdec)197           -0.196                   -0.308                   0.049                    -0.024         
                            (0.174)                  (0.303)                  (0.160)                  (0.290)         
                                                                                                                       
as.factor(bdec)198           -0.298                                            0.158                                   
                            (0.199)                                           (0.189)                                  
                                                                                                                       
career1:married             -0.099**                  -0.082                   0.0002                   -0.020         
                            (0.048)                  (0.072)                  (0.038)                  (0.060)         
                                                                                                                       
Constant                    1.057***                 3.601**                   0.215                    1.558          
                            (0.260)                  (1.676)                  (0.260)                  (1.649)         
                                                                                                                       
-----------------------------------------------------------------------------------------------------------------------
Observations                 3,309                    1,427                    3,119                    1,414          
R2                           0.060                    0.072                    0.056                    0.059          
Adjusted R2                  0.050                    0.049                    0.046                    0.036          
Residual Std. Error    0.471 (df = 3273)        0.469 (df = 1392)        0.461 (df = 3083)        0.462 (df = 1379)    
F Statistic         6.011*** (df = 35; 3273) 3.153*** (df = 34; 1392) 5.274*** (df = 35; 3083) 2.532*** (df = 34; 1379)
=======================================================================================================================
Note:                                                                                       *p<0.1; **p<0.05; ***p<0.01
