
=======================================================================================================================
                                                            Dependent variable:                                        
                    ---------------------------------------------------------------------------------------------------
                                                                  vhappy                                               
                              (1)                      (2)                      (3)                      (4)           
-----------------------------------------------------------------------------------------------------------------------
career                      0.070***                  0.028                   0.059**                   0.068          
                            (0.027)                  (0.041)                  (0.028)                  (0.046)         
                                                                                                                       
married                     0.223***                 0.206***                 0.200***                 0.203***        
                            (0.021)                  (0.033)                  (0.025)                  (0.042)         
                                                                                                                       
age                        -0.032***                 -0.152**                  0.002                    -0.041         
                            (0.011)                  (0.072)                  (0.011)                  (0.071)         
                                                                                                                       
agesq                       0.0003**                 0.002**                  -0.0001                   0.0003         
                            (0.0001)                 (0.001)                  (0.0001)                 (0.001)         
                                                                                                                       
as.factor(year)1978          -0.038                   0.240                    -0.074                   -0.147         
                            (0.085)                  (0.146)                  (0.071)                  (0.124)         
                                                                                                                       
as.factor(year)1980          0.057                   0.277**                   -0.021                   -0.161         
                            (0.085)                  (0.140)                  (0.069)                  (0.126)         
                                                                                                                       
as.factor(year)1982          0.080                   0.376***                  -0.001                   0.055          
                            (0.081)                  (0.136)                  (0.073)                  (0.129)         
                                                                                                                       
as.factor(year)1983          0.011                    0.271*                   -0.044                   -0.130         
                            (0.081)                  (0.143)                  (0.071)                  (0.129)         
                                                                                                                       
as.factor(year)1984          0.076                   0.466***                  0.003                    -0.058         
                            (0.083)                  (0.149)                  (0.074)                  (0.137)         
                                                                                                                       
as.factor(year)1985          -0.058                   -0.104                   -0.062                   -0.031         
                            (0.085)                  (0.151)                  (0.071)                  (0.130)         
                                                                                                                       
as.factor(year)1986          0.035                    0.304*                   -0.006                   -0.073         
                            (0.085)                  (0.156)                  (0.071)                  (0.131)         
                                                                                                                       
as.factor(year)1987          -0.004                   0.246*                  -0.126*                   -0.163         
                            (0.082)                  (0.142)                  (0.071)                  (0.129)         
                                                                                                                       
as.factor(year)1988          -0.019                   0.260*                   0.003                    -0.039         
                            (0.086)                  (0.146)                  (0.075)                  (0.137)         
                                                                                                                       
as.factor(year)1989          0.015                    0.110                    -0.062                   -0.051         
                            (0.086)                  (0.145)                  (0.074)                  (0.134)         
                                                                                                                       
as.factor(year)1990          0.056                    0.214                    0.032                    0.001          
                            (0.088)                  (0.151)                  (0.079)                  (0.136)         
                                                                                                                       
as.factor(year)1991          -0.010                   0.143                    0.037                    0.101          
                            (0.086)                  (0.150)                  (0.078)                  (0.139)         
                                                                                                                       
as.factor(year)1993          0.064                    0.265*                   -0.047                   0.007          
                            (0.089)                  (0.149)                  (0.078)                  (0.146)         
                                                                                                                       
as.factor(year)1994          0.004                    0.215                    -0.010                   0.082          
                            (0.085)                  (0.147)                  (0.076)                  (0.139)         
                                                                                                                       
as.factor(year)1996          -0.014                   0.174                    0.015                    0.086          
                            (0.088)                  (0.149)                  (0.079)                  (0.142)         
                                                                                                                       
as.factor(year)1998          0.059                    0.245                    0.012                    0.083          
                            (0.092)                  (0.152)                  (0.084)                  (0.147)         
                                                                                                                       
as.factor(year)2000          0.129                    0.263*                   0.052                    0.169          
                            (0.096)                  (0.158)                  (0.089)                  (0.153)         
                                                                                                                       
as.factor(year)2002          0.071                    0.222                    0.016                    0.131          
                            (0.105)                  (0.169)                  (0.099)                  (0.170)         
                                                                                                                       
as.factor(year)2004          0.078                    0.180                    0.077                    0.239          
                            (0.109)                  (0.176)                  (0.102)                  (0.173)         
                                                                                                                       
as.factor(year)2006          0.119                    0.275                    0.024                    0.217          
                            (0.107)                  (0.174)                  (0.102)                  (0.173)         
                                                                                                                       
as.factor(year)2008          0.046                    0.207                    -0.007                   0.191          
                            (0.115)                  (0.182)                  (0.108)                  (0.179)         
                                                                                                                       
as.factor(year)2010          0.099                    0.304                    -0.039                   0.147          
                            (0.118)                  (0.188)                  (0.114)                  (0.187)         
                                                                                                                       
as.factor(race)2           -0.108***                 -0.102**                 -0.084**                 -0.097*         
                            (0.028)                  (0.043)                  (0.034)                  (0.050)         
                                                                                                                       
as.factor(race)3             -0.044                   -0.006                  -0.059*                   -0.001         
                            (0.034)                  (0.054)                  (0.034)                  (0.053)         
                                                                                                                       
as.factor(bdec)193           -0.020                   -0.028                   0.074                    0.043          
                            (0.114)                  (0.128)                  (0.087)                  (0.097)         
                                                                                                                       
as.factor(bdec)194           -0.044                   -0.021                   0.065                    -0.052         
                            (0.121)                  (0.155)                  (0.096)                  (0.125)         
                                                                                                                       
as.factor(bdec)195           -0.115                   -0.060                   0.065                    -0.134         
                            (0.136)                  (0.180)                  (0.113)                  (0.154)         
                                                                                                                       
as.factor(bdec)196           -0.130                   -0.098                   0.042                    -0.287         
                            (0.154)                  (0.211)                  (0.134)                  (0.191)         
                                                                                                                       
as.factor(bdec)197           -0.192                   -0.294                   0.055                    -0.041         
                            (0.174)                  (0.303)                  (0.160)                  (0.291)         
                                                                                                                       
as.factor(bdec)198           -0.295                                            0.170                                   
                            (0.199)                                           (0.189)                                  
                                                                                                                       
career:married              -0.075**                  -0.078                   -0.013                   -0.048         
                            (0.036)                  (0.053)                  (0.035)                  (0.056)         
                                                                                                                       
Constant                    1.037***                 3.556**                   0.190                    1.452          
                            (0.260)                  (1.676)                  (0.260)                  (1.652)         
                                                                                                                       
-----------------------------------------------------------------------------------------------------------------------
Observations                 3,309                    1,427                    3,119                    1,414          
R2                           0.061                    0.072                    0.054                    0.057          
Adjusted R2                  0.051                    0.049                    0.043                    0.034          
Residual Std. Error    0.471 (df = 3273)        0.468 (df = 1392)        0.462 (df = 3083)        0.462 (df = 1379)    
F Statistic         6.061*** (df = 35; 3273) 3.174*** (df = 34; 1392) 5.022*** (df = 35; 3083) 2.470*** (df = 34; 1379)
=======================================================================================================================
Note:                                                                                       *p<0.1; **p<0.05; ***p<0.01
