
==================================================================================================================
                                                           Dependent variable:                                    
                       -------------------------------------------------------------------------------------------
                                                                 vhappy                                           
                                 (1)                    (2)                    (3)                    (4)         
------------------------------------------------------------------------------------------------------------------
career1                         0.067                  0.034                  0.067                  0.034        
                               (0.046)                (0.064)                (0.046)                (0.064)       
                                                                                                                  
spouse_ft                      -0.077                 0.236*                 -0.077                 0.236*        
                               (0.050)                (0.120)                (0.050)                (0.120)       
                                                                                                                  
spouse_home                    -0.046                  0.106                 -0.046                  0.106        
                               (0.050)                (0.174)                (0.050)                (0.174)       
                                                                                                                  
kid                                                                                                               
                                                                                                                  
                                                                                                                  
age                             0.011                 -0.002                  0.011                 -0.002        
                               (0.029)                (0.031)                (0.029)                (0.031)       
                                                                                                                  
agesq                          -0.0003               -0.00003                -0.0003               -0.00003       
                              (0.0003)               (0.0004)               (0.0003)               (0.0004)       
                                                                                                                  
as.factor(othinccat)0          -0.034                 -0.069                 -0.034                 -0.069        
                               (0.072)                (0.096)                (0.072)                (0.096)       
                                                                                                                  
as.factor(othinccat)1         -0.167**               -0.346***              -0.167**               -0.346***      
                               (0.084)                (0.104)                (0.084)                (0.104)       
                                                                                                                  
as.factor(othinccat)2          -0.003                 -0.131                 -0.003                 -0.131        
                               (0.089)                (0.083)                (0.089)                (0.083)       
                                                                                                                  
as.factor(othinccat)3          -0.053                -0.169**                -0.053                -0.169**       
                               (0.087)                (0.070)                (0.087)                (0.070)       
                                                                                                                  
as.factor(othinccat)4         -0.195**                -0.092                -0.195**                -0.092        
                               (0.098)                (0.067)                (0.098)                (0.067)       
                                                                                                                  
as.factor(othinccat)5           0.032                -0.159**                 0.032                -0.159**       
                               (0.106)                (0.076)                (0.106)                (0.076)       
                                                                                                                  
as.factor(othinccat)6           0.057                 -0.048                  0.057                 -0.048        
                               (0.156)                (0.081)                (0.156)                (0.081)       
                                                                                                                  
as.factor(othinccat)7           0.105                -0.234***                0.105                -0.234***      
                               (0.153)                (0.090)                (0.153)                (0.090)       
                                                                                                                  
as.factor(othinccat)8          -0.183                 -0.043                 -0.183                 -0.043        
                               (0.213)                (0.101)                (0.213)                (0.101)       
                                                                                                                  
as.factor(othinccat)9           0.012                 -0.113                  0.012                 -0.113        
                               (0.212)                (0.124)                (0.212)                (0.124)       
                                                                                                                  
as.factor(othinccat)10          0.363                 -0.028                  0.363                 -0.028        
                               (0.356)                (0.139)                (0.356)                (0.139)       
                                                                                                                  
as.factor(othinccat)11                                -0.097                                        -0.097        
                                                      (0.140)                                       (0.140)       
                                                                                                                  
as.factor(othinccat)12          0.611                 -0.235                  0.611                 -0.235        
                               (0.507)                (0.156)                (0.507)                (0.156)       
                                                                                                                  
as.factor(othinccat)13                                -0.215                                        -0.215        
                                                      (0.208)                                       (0.208)       
                                                                                                                  
as.factor(othinccat)14                                -0.230                                        -0.230        
                                                      (0.352)                                       (0.352)       
                                                                                                                  
as.factor(othinccat)16                                 0.200                                         0.200        
                                                      (0.541)                                       (0.541)       
                                                                                                                  
as.factor(othinccat)17                                -0.675                                        -0.675        
                                                      (0.506)                                       (0.506)       
                                                                                                                  
as.factor(year)1978           -0.262**                 0.063                -0.262**                 0.063        
                               (0.132)                (0.195)                (0.132)                (0.195)       
                                                                                                                  
as.factor(year)1980            -0.042                  0.241                 -0.042                  0.241        
                               (0.142)                (0.186)                (0.142)                (0.186)       
                                                                                                                  
as.factor(year)1982             0.154                 -0.004                  0.154                 -0.004        
                               (0.145)                (0.182)                (0.145)                (0.182)       
                                                                                                                  
as.factor(year)1983            -0.103                 -0.008                 -0.103                 -0.008        
                               (0.137)                (0.163)                (0.137)                (0.163)       
                                                                                                                  
as.factor(year)1984             0.059                  0.111                  0.059                  0.111        
                               (0.152)                (0.166)                (0.152)                (0.166)       
                                                                                                                  
as.factor(year)1985            -0.062                 -0.008                 -0.062                 -0.008        
                               (0.148)                (0.185)                (0.148)                (0.185)       
                                                                                                                  
as.factor(year)1986             0.073                  0.163                  0.073                  0.163        
                               (0.143)                (0.178)                (0.143)                (0.178)       
                                                                                                                  
as.factor(year)1987            -0.249*                 0.100                 -0.249*                 0.100        
                               (0.144)                (0.187)                (0.144)                (0.187)       
                                                                                                                  
as.factor(year)1988            -0.014                 -0.078                 -0.014                 -0.078        
                               (0.156)                (0.178)                (0.156)                (0.178)       
                                                                                                                  
as.factor(year)1989             0.108                  0.013                  0.108                  0.013        
                               (0.150)                (0.180)                (0.150)                (0.180)       
                                                                                                                  
as.factor(year)1990             0.157                  0.167                  0.157                  0.167        
                               (0.162)                (0.184)                (0.162)                (0.184)       
                                                                                                                  
as.factor(year)1991             0.228                 -0.011                  0.228                 -0.011        
                               (0.170)                (0.179)                (0.170)                (0.179)       
                                                                                                                  
as.factor(year)1993             0.082                 -0.021                  0.082                 -0.021        
                               (0.165)                (0.182)                (0.165)                (0.182)       
                                                                                                                  
as.factor(year)1994             0.224                  0.046                  0.224                  0.046        
                               (0.162)                (0.181)                (0.162)                (0.181)       
                                                                                                                  
as.factor(year)1996             0.124                  0.119                  0.124                  0.119        
                               (0.164)                (0.184)                (0.164)                (0.184)       
                                                                                                                  
as.factor(year)1998             0.107                  0.146                  0.107                  0.146        
                               (0.178)                (0.196)                (0.178)                (0.196)       
                                                                                                                  
as.factor(year)2000             0.109                  0.253                  0.109                  0.253        
                               (0.189)                (0.207)                (0.189)                (0.207)       
                                                                                                                  
as.factor(year)2002             0.183                  0.007                  0.183                  0.007        
                               (0.211)                (0.226)                (0.211)                (0.226)       
                                                                                                                  
as.factor(year)2004             0.302                  0.135                  0.302                  0.135        
                               (0.222)                (0.233)                (0.222)                (0.233)       
                                                                                                                  
as.factor(year)2006             0.168                  0.003                  0.168                  0.003        
                               (0.218)                (0.233)                (0.218)                (0.233)       
                                                                                                                  
as.factor(year)2008             0.180                 -0.017                  0.180                 -0.017        
                               (0.234)                (0.247)                (0.234)                (0.247)       
                                                                                                                  
as.factor(year)2010             0.081                  0.007                  0.081                  0.007        
                               (0.250)                (0.256)                (0.250)                (0.256)       
                                                                                                                  
as.factor(race)2               -0.084                -0.272***               -0.084                -0.272***      
                               (0.085)                (0.086)                (0.085)                (0.086)       
                                                                                                                  
as.factor(race)3              -0.192**                -0.044                -0.192**                -0.044        
                               (0.078)                (0.094)                (0.078)                (0.094)       
                                                                                                                  
as.factor(bdec)193              0.091                 -0.095                  0.091                 -0.095        
                               (0.147)                (0.248)                (0.147)                (0.248)       
                                                                                                                  
as.factor(bdec)194             -0.066                 -0.172                 -0.066                 -0.172        
                               (0.176)                (0.272)                (0.176)                (0.272)       
                                                                                                                  
as.factor(bdec)195             -0.047                 -0.248                 -0.047                 -0.248        
                               (0.220)                (0.311)                (0.220)                (0.311)       
                                                                                                                  
as.factor(bdec)196             -0.190                 -0.200                 -0.190                 -0.200        
                               (0.273)                (0.354)                (0.273)                (0.354)       
                                                                                                                  
as.factor(bdec)197             -0.105                 -0.208                 -0.105                 -0.208        
                               (0.337)                (0.400)                (0.337)                (0.400)       
                                                                                                                  
as.factor(bdec)198              0.011                 -0.074                  0.011                 -0.074        
                               (0.453)                (0.484)                (0.453)                (0.484)       
                                                                                                                  
career1:kid                                                                                                       
                                                                                                                  
                                                                                                                  
Constant                        0.569                  0.693                  0.569                  0.693        
                               (0.659)                (0.703)                (0.659)                (0.703)       
                                                                                                                  
------------------------------------------------------------------------------------------------------------------
Observations                     776                    710                    776                    710         
R2                              0.094                  0.095                  0.094                  0.095        
Adjusted R2                     0.035                  0.023                  0.035                  0.023        
Residual Std. Error       0.491 (df = 728)       0.489 (df = 657)       0.491 (df = 728)       0.489 (df = 657)   
F Statistic            1.600*** (df = 47; 728) 1.324* (df = 52; 657) 1.600*** (df = 47; 728) 1.324* (df = 52; 657)
==================================================================================================================
Note:                                                                                  *p<0.1; **p<0.05; ***p<0.01
